60.666666666666664
45.666666666666664
39.0
60.333333333333336
61.333333333333336
55.0
69.33333333333333
68.33333333333333
52.333333333333336
68.66666666666667
56.666666666666664
61.666666666666664
69.0
30.666666666666668
60.333333333333336
65.33333333333333
63.666666666666664
64.0
68.0
61.333333333333336
90.33333333333333
77.0
82.66666666666667
76.0
53.0
91.0
55.666666666666664
50.333333333333336
50.333333333333336
87.33333333333333
58.666666666666664
39.666666666666664
50.333333333333336
64.66666666666667
70.0
56.666666666666664
61.333333333333336
52.666666666666664
73.0
55.666666666666664
73.0
43.333333333333336
74.0
48.666666666666664
68.0
48.666666666666664
63.666666666666664
88.66666666666667
73.33333333333333
56.333333333333336
66.0
58.0
66.33333333333333
53.0
46.666666666666664
62.333333333333336
61.333333333333336
46.0
32.333333333333336
58.0
66.0
43.333333333333336
76.0
84.33333333333333
61.0
61.666666666666664
53.666666666666664
81.66666666666667
46.0
61.333333333333336
78.0
66.33333333333333
76.66666666666667
49.333333333333336
85.66666666666667
38.333333333333336
70.0
71.33333333333333
56.333333333333336
38.0
41.0
72.33333333333333
69.0
58.333333333333336
68.0
53.666666666666664
50.333333333333336
73.0
32.333333333333336
54.333333333333336
33.0
50.666666666666664
55.666666666666664
31.666666666666668
80.33333333333333
65.66666666666667
66.33333333333333
54.666666666666664
48.666666666666664
63.0
73.33333333333333
55.333333333333336
47.666666666666664
85.0
97.0
75.66666666666667
51.666666666666664
57.666666666666664
54.333333333333336
61.666666666666664
69.66666666666667
40.333333333333336
70.0
53.333333333333336
78.66666666666667
45.333333333333336
71.33333333333333
69.33333333333333
58.666666666666664
71.66666666666667
74.66666666666667
37.666666666666664
51.333333333333336
59.0
64.0
67.0
56.666666666666664
52.333333333333336
63.0
59.5968992248062 61.86821705426357 61.457364341085274